{
    "camera_angle_x": 1.0113383408778807,
    "camera_angle_y": 0.6042679295711958,
    "fl_x": 3467.665943945907,
    "fl_y": 3465.1373265737316,
    "k1": 0.045152663855561985,
    "k2": -0.08421858078947726,
    "k3": 0,
    "k4": 0,
    "p1": 0.00041816177150614023,
    "p2": -0.003150193856421325,
    "is_fisheye": false,
    "cx": 1891.4102020744622,
    "cy": 1083.385877424833,
    "w": 3840.0,
    "h": 2160.0,
    "aabb_scale": 32,
    "frames": [
        {
            "file_path": "images/frame_11",
            "sharpness": 11.055758822764176,
            "transform_matrix": [
                [
                    0.26309429782143434,
                    -0.5020627731443723,
                    0.823841223981112,
                    4.157036789035319
                ],
                [
                    0.9150258928935873,
                    -0.14080510169114194,
                    -0.37802319860894606,
                    -1.5407918237436242
                ],
                [
                    0.3057924227265287,
                    0.8532917995740962,
                    0.4223554179259532,
                    1.872162558792564
                ],
                [
                    0.0,
                    0.0,
                    0.0,
                    1.0
                ]
            ]
        },
        {
            "file_path": "images/frame_10",
            "sharpness": 14.700068349955645,
            "transform_matrix": [
                [
                    0.3380380778367899,
                    -0.3259093960168796,
                    0.8829005173713451,
                    4.396378807066268
                ],
                [
                    0.9226193256774063,
                    -0.07040048555739503,
                    -0.37923258237439095,
                    -2.057665053978989
                ],
                [
                    0.1857520869933773,
                    0.9427761331763049,
                    0.2768922623684257,
                    1.2027413065588834
                ],
                [
                    0.0,
                    0.0,
                    0.0,
                    1.0
                ]
            ]
        },
        {
            "file_path": "images/frame_23",
            "sharpness": 9.873365255619566,
            "transform_matrix": [
                [
                    -0.6989611661776981,
                    0.24117014224913325,
                    -0.6732683348541738,
                    -3.1916693128923317
                ],
                [
                    0.6988610916088472,
                    0.030494926582873432,
                    -0.7146070487355224,
                    -3.307717899178759
                ],
                [
                    -0.15181061515382788,
                    -0.9700036195848432,
                    -0.18985919832255865,
                    -0.626388530531147
                ],
                [
                    0.0,
                    0.0,
                    0.0,
                    1.0
                ]
            ]
        },
        {
            "file_path": "images/frame_24",
            "sharpness": 12.487531088244047,
            "transform_matrix": [
                [
                    -0.6730481594643702,
                    0.4073078719917441,
                    -0.617338215656093,
                    -3.0162916297678035
                ],
                [
                    0.6995702209019812,
                    0.07972049034048972,
                    -0.7101029146972452,
                    -3.3010773817141272
                ],
                [
                    -0.24001600182244323,
                    -0.9098048916650335,
                    -0.33859618727964386,
                    -1.0496784220256412
                ],
                [
                    0.0,
                    0.0,
                    0.0,
                    1.0
                ]
            ]
        },
        {
            "file_path": "images/frame_26",
            "sharpness": 9.689728249310411,
            "transform_matrix": [
                [
                    -0.5534711117039753,
                    0.7454911594831031,
                    -0.3713659377163859,
                    -1.5531400061433762
                ],
                [
                    0.7236050418722485,
                    0.2096350935709796,
                    -0.6576084480411167,
                    -2.741336381264742
                ],
                [
                    -0.4123899513138069,
                    -0.6326895437144352,
                    -0.655468129964059,
                    -2.313068677890761
                ],
                [
                    0.0,
                    0.0,
                    0.0,
                    1.0
                ]
            ]
        },
        {
            "file_path": "images/frame_25",
            "sharpness": 14.824825362071799,
            "transform_matrix": [
                [
                    -0.6228968030275028,
                    0.5810395137062078,
                    -0.5238250245496462,
                    -2.388171501181359
                ],
                [
                    0.7097110235567385,
                    0.1380243171603731,
                    -0.6908397433044495,
                    -3.0514333730768817
                ],
                [
                    -0.32910459717355817,
                    -0.8020862618464452,
                    -0.49834505389859285,
                    -1.7341163322173385
                ],
                [
                    0.0,
                    0.0,
                    0.0,
                    1.0
                ]
            ]
        },
        {
            "file_path": "images/frame_27",
            "sharpness": 11.018061218966972,
            "transform_matrix": [
                [
                    -0.4377655449938551,
                    0.887686216654621,
                    -0.1427393023378913,
                    -0.4349106491795983
                ],
                [
                    0.7462409981856574,
                    0.2701844777985199,
                    -0.608378764092003,
                    -2.4320048552891897
                ],
                [
                    -0.5014834995263564,
                    -0.372845180682376,
                    -0.7807053035643434,
                    -2.6031357508539226
                ],
                [
                    0.0,
                    0.0,
                    0.0,
                    1.0
                ]
            ]
        },
        {
            "file_path": "images/frame_28",
            "sharpness": 8.530983795579916,
            "transform_matrix": [
                [
                    -0.2718172824067338,
                    0.9524711395127408,
                    0.13752851862281174,
                    0.4530853984675074
                ],
                [
                    0.774545675566141,
                    0.3013400685988801,
                    -0.5561233312252873,
                    -2.1611933098762135
                ],
                [
                    -0.5711342762378714,
                    -0.044641813210320964,
                    -0.8196418407379544,
                    -2.5199686355130324
                ],
                [
                    0.0,
                    0.0,
                    0.0,
                    1.0
                ]
            ]
        },
        {
            "file_path": "images/frame_29",
            "sharpness": 6.444759109659815,
            "transform_matrix": [
                [
                    -0.09519905267821323,
                    0.9157340186939641,
                    0.39034388355658894,
                    1.1497863103200818
                ],
                [
                    0.8233515394423221,
                    0.2928247680256424,
                    -0.48615419132532917,
                    -1.7284211373470302
                ],
                [
                    -0.5594902884799443,
                    0.27510881896849804,
                    -0.7818476545281384,
                    -2.273824416633028
                ],
                [
                    0.0,
                    0.0,
                    0.0,
                    1.0
                ]
            ]
        },
        {
            "file_path": "images/frame_3",
            "sharpness": 16.05109590908631,
            "transform_matrix": [
                [
                    -0.3130269664415075,
                    0.9417156429834842,
                    0.12323054043092763,
                    0.2775153173417535
                ],
                [
                    0.6194687111536815,
                    0.30079746110048844,
                    -0.7251064772235833,
                    -3.2188156176079867
                ],
                [
                    -0.71991154612176,
                    -0.1506404168568679,
                    -0.677521092393833,
                    -3.052248742489748
                ],
                [
                    0.0,
                    0.0,
                    0.0,
                    1.0
                ]
            ]
        },
        {
            "file_path": "images/frame_30",
            "sharpness": 9.164611900893549,
            "transform_matrix": [
                [
                    0.013222131059057058,
                    0.8217913297763674,
                    0.5696351337557343,
                    1.961998121928576
                ],
                [
                    0.8676809418711795,
                    0.27369746309561754,
                    -0.4149933515407974,
                    -1.3648044027335524
                ],
                [
                    -0.49694562921014046,
                    0.4997486458628008,
                    -0.7094338113143458,
                    -1.8622127262239994
                ],
                [
                    0.0,
                    0.0,
                    0.0,
                    1.0
                ]
            ]
        },
        {
            "file_path": "images/frame_31",
            "sharpness": 7.828117021823137,
            "transform_matrix": [
                [
                    0.07504924422545926,
                    0.7407299861569858,
                    0.6675977071585301,
                    1.9657494421895791
                ],
                [
                    0.8904928163648822,
                    0.2515075829985079,
                    -0.3791655043794027,
                    -1.243127742529776
                ],
                [
                    -0.4487651445529491,
                    0.6229470469863765,
                    -0.6407392775178448,
                    -1.7128221403705568
                ],
                [
                    0.0,
                    0.0,
                    0.0,
                    1.0
                ]
            ]
        },
        {
            "file_path": "images/frame_32",
            "sharpness": 13.638336099186507,
            "transform_matrix": [
                [
                    0.14611569353104326,
                    0.5899141965737651,
                    0.7941356589644742,
                    2.1728200677842042
                ],
                [
                    0.9168916666296728,
                    0.22064397792016374,
                    -0.33260473040401206,
                    -1.1304693018197876
                ],
                [
                    -0.3714295031150886,
                    0.7767351387326781,
                    -0.5086478630077711,
                    -1.5389954724646087
                ],
                [
                    0.0,
                    0.0,
                    0.0,
                    1.0
                ]
            ]
        },
        {
            "file_path": "images/frame_33",
            "sharpness": 7.769920658365364,
            "transform_matrix": [
                [
                    0.22032043956227065,
                    0.36393416498577624,
                    0.9049921698674864,
                    3.0227849859916294
                ],
                [
                    0.9440816714082307,
                    0.15375319305819746,
                    -0.2916671962184782,
                    -1.096174729849273
                ],
                [
                    -0.2452930933193071,
                    0.918646765216608,
                    -0.3097086036836458,
                    -1.0583160181132618
                ],
                [
                    0.0,
                    0.0,
                    0.0,
                    1.0
                ]
            ]
        },
        {
            "file_path": "images/frame_34",
            "sharpness": 6.248237476711673,
            "transform_matrix": [
                [
                    0.37703020859775804,
                    0.1987296745249479,
                    0.9046296138874776,
                    2.6521635411697213
                ],
                [
                    0.9048986621235924,
                    0.1292347517856962,
                    -0.4055327239968681,
                    -1.671984573169049
                ],
                [
                    -0.19750096985785148,
                    0.9714962148459171,
                    -0.1311048111780418,
                    -0.29678452662443533
                ],
                [
                    0.0,
                    0.0,
                    0.0,
                    1.0
                ]
            ]
        },
        {
            "file_path": "images/frame_35",
            "sharpness": 7.768309213059852,
            "transform_matrix": [
                [
                    0.5142882507484271,
                    0.13590956136595392,
                    0.8467798924901943,
                    2.6240377361381833
                ],
                [
                    0.8357652417976812,
                    0.1420421318786573,
                    -0.5303965435301473,
                    -2.1058988577133535
                ],
                [
                    -0.1923643827424877,
                    0.9804859121716134,
                    -0.040537887881181366,
                    -0.1460619322862077
                ],
                [
                    0.0,
                    0.0,
                    0.0,
                    1.0
                ]
            ]
        },
        {
            "file_path": "images/frame_36",
            "sharpness": 9.179320104664392,
            "transform_matrix": [
                [
                    0.47327380291162957,
                    0.07535635100296802,
                    0.8776863493841917,
                    2.9892136170150234
                ],
                [
                    0.8725156402162683,
                    0.09716200400154577,
                    -0.47882773788795574,
                    -1.5849429767519274
                ],
                [
                    -0.12136047567721096,
                    0.9924116914918335,
                    -0.019765363707390043,
                    -0.07605927342860909
                ],
                [
                    0.0,
                    0.0,
                    0.0,
                    1.0
                ]
            ]
        },
        {
            "file_path": "images/frame_37",
            "sharpness": 9.095582893819143,
            "transform_matrix": [
                [
                    0.3283441778757087,
                    -0.09377410845871392,
                    0.9398917583914471,
                    3.9410709046769563
                ],
                [
                    0.9445581101447824,
                    0.032890557686663914,
                    -0.3266928033937624,
                    -0.9474063086251557
                ],
                [
                    -0.00027823772046592756,
                    0.9950500629951171,
                    0.09937451778977599,
                    0.4431366965529352
                ],
                [
                    0.0,
                    0.0,
                    0.0,
                    1.0
                ]
            ]
        },
        {
            "file_path": "images/frame_38",
            "sharpness": 17.018086259087543,
            "transform_matrix": [
                [
                    0.21667856865224058,
                    -0.2642545973299178,
                    0.9397978004502284,
                    4.507994502007863
                ],
                [
                    0.9710740777832371,
                    -0.040590885012806686,
                    -0.2353030291471211,
                    -0.8483090548590029
                ],
                [
                    0.10032713167114629,
                    0.9635984059300549,
                    0.24781561453722806,
                    1.013687180753855
                ],
                [
                    0.0,
                    0.0,
                    0.0,
                    1.0
                ]
            ]
        },
        {
            "file_path": "images/frame_39",
            "sharpness": 11.100950366021156,
            "transform_matrix": [
                [
                    0.14299929508574857,
                    -0.44547299382881117,
                    0.8838014558872616,
                    4.239612743989857
                ],
                [
                    0.9698636315731624,
                    -0.11491546713793667,
                    -0.21484639065780256,
                    -0.7070465559779804
                ],
                [
                    0.1972707220201188,
                    0.8878897720122507,
                    0.4156152247674054,
                    1.6543458851667923
                ],
                [
                    0.0,
                    0.0,
                    0.0,
                    1.0
                ]
            ]
        },
        {
            "file_path": "images/frame_4",
            "sharpness": 10.79075869979532,
            "transform_matrix": [
                [
                    -0.14617424842502139,
                    0.945534380736781,
                    0.29085705079361557,
                    1.0290641038937811
                ],
                [
                    0.6335757462400062,
                    0.3152825262813561,
                    -0.7065257974147607,
                    -2.887777106629861
                ],
                [
                    -0.759746578094082,
                    0.08100409557574097,
                    -0.6451538371916073,
                    -2.8662356414754533
                ],
                [
                    0.0,
                    0.0,
                    0.0,
                    1.0
                ]
            ]
        },
        {
            "file_path": "images/frame_40",
            "sharpness": 12.515479104079764,
            "transform_matrix": [
                [
                    0.057854932634407684,
                    -0.6241989765736173,
                    0.7791203016662991,
                    3.822751241238288
                ],
                [
                    0.958860886089625,
                    -0.18251540776134564,
                    -0.21742568172050664,
                    -0.8262373025621821
                ],
                [
                    0.27791834756452855,
                    0.7596471309950935,
                    0.5879605671528417,
                    2.5747993612051263
                ],
                [
                    0.0,
                    0.0,
                    0.0,
                    1.0
                ]
            ]
        },
        {
            "file_path": "images/frame_41",
            "sharpness": 12.985242573139166,
            "transform_matrix": [
                [
                    -0.03731420322804043,
                    -0.7553042296408249,
                    0.6543112187471681,
                    3.1665998149920074
                ],
                [
                    0.9392261111175289,
                    -0.2501126679043521,
                    -0.23515519463390266,
                    -0.9373703913319564
                ],
                [
                    0.3412652376896004,
                    0.6057715527217746,
                    0.7187342092362634,
                    3.0181313942272334
                ],
                [
                    0.0,
                    0.0,
                    0.0,
                    1.0
                ]
            ]
        },
        {
            "file_path": "images/frame_42",
            "sharpness": 9.172877472298486,
            "transform_matrix": [
                [
                    -0.14612614144302727,
                    -0.8664691922714246,
                    0.4773659913376167,
                    2.1779342441501157
                ],
                [
                    0.9068959099423539,
                    -0.31010455986925806,
                    -0.28526298479231743,
                    -1.2785384863335993
                ],
                [
                    0.39520495865823874,
                    0.39123688582543936,
                    0.8311117493395929,
                    3.4895074119213234
                ],
                [
                    0.0,
                    0.0,
                    0.0,
                    1.0
                ]
            ]
        },
        {
            "file_path": "images/frame_43",
            "sharpness": 6.594148159935842,
            "transform_matrix": [
                [
                    -0.26972644091217945,
                    -0.9285013431922079,
                    0.2552114864526716,
                    1.2644204238848695
                ],
                [
                    0.8656542818244621,
                    -0.3498917491002658,
                    -0.3580760090888936,
                    -1.5864971221204194
                ],
                [
                    0.42177044878934705,
                    0.1243423485109563,
                    0.8981362196034515,
                    3.3681146286010293
                ],
                [
                    0.0,
                    0.0,
                    0.0,
                    1.0
                ]
            ]
        },
        {
            "file_path": "images/frame_44",
            "sharpness": 6.733057713284373,
            "transform_matrix": [
                [
                    -0.382813039968128,
                    -0.9226481075936434,
                    0.046633100245397095,
                    0.3609642281692322
                ],
                [
                    0.8231953092052773,
                    -0.36358926017738585,
                    -0.43606459705023887,
                    -1.8762944775082147
                ],
                [
                    0.41928946967498937,
                    -0.12854306464356863,
                    0.8987063042064811,
                    3.0467143523574403
                ],
                [
                    0.0,
                    0.0,
                    0.0,
                    1.0
                ]
            ]
        },
        {
            "file_path": "images/frame_45",
            "sharpness": 7.449174477991019,
            "transform_matrix": [
                [
                    -0.47171449876803884,
                    -0.8697403293271136,
                    -0.1450420326948381,
                    -0.4060969355121376
                ],
                [
                    0.7868502840996232,
                    -0.3409750216604237,
                    -0.5143954364402096,
                    -2.08041254862384
                ],
                [
                    0.39793474605407786,
                    -0.3567741501012803,
                    0.8451982866589072,
                    2.8292797355809185
                ],
                [
                    0.0,
                    0.0,
                    0.0,
                    1.0
                ]
            ]
        },
        {
            "file_path": "images/frame_46",
            "sharpness": 11.60923139665276,
            "transform_matrix": [
                [
                    -0.5137569575849424,
                    -0.8246862056948182,
                    -0.23653002076695542,
                    -0.7890777558694428
                ],
                [
                    0.7691714526746932,
                    -0.3206266678081286,
                    -0.5527873156061528,
                    -2.2095887771666467
                ],
                [
                    0.38003824146836584,
                    -0.465930469131859,
                    0.7990492682087663,
                    2.6619562700171113
                ],
                [
                    0.0,
                    0.0,
                    0.0,
                    1.0
                ]
            ]
        },
        {
            "file_path": "images/frame_5",
            "sharpness": 5.994784543152947,
            "transform_matrix": [
                [
                    0.058718356237363635,
                    0.878582122771119,
                    0.4739679400993749,
                    1.528486998186986
                ],
                [
                    0.6597298066874149,
                    0.32217541910871583,
                    -0.6789400426435369,
                    -2.41531966830085
                ],
                [
                    -0.7492054036456837,
                    0.35255702078554696,
                    -0.5607092029846614,
                    -1.993801497717621
                ],
                [
                    0.0,
                    0.0,
                    0.0,
                    1.0
                ]
            ]
        },
        {
            "file_path": "images/frame_6",
            "sharpness": 7.80814849420694,
            "transform_matrix": [
                [
                    0.2620567588660093,
                    0.7424338708289385,
                    0.6165372678377765,
                    2.096289117571416
                ],
                [
                    0.720560257072608,
                    0.27445090156869456,
                    -0.6367649633656726,
                    -2.332557638525222
                ],
                [
                    -0.6419650855686009,
                    0.611120814667073,
                    -0.46304662709096517,
                    -1.84600542508823
                ],
                [
                    0.0,
                    0.0,
                    0.0,
                    1.0
                ]
            ]
        },
        {
            "file_path": "images/frame_7",
            "sharpness": 7.224805248160349,
            "transform_matrix": [
                [
                    0.4226787696746866,
                    0.4141776721869097,
                    0.8061014288427936,
                    3.4262515682601884
                ],
                [
                    0.8249037924497551,
                    0.19254699814548695,
                    -0.5314690835050251,
                    -2.1616259967893874
                ],
                [
                    -0.37533503816988956,
                    0.8895968240876241,
                    -0.2602712042543044,
                    -1.1349869385257665
                ],
                [
                    0.0,
                    0.0,
                    0.0,
                    1.0
                ]
            ]
        },
        {
            "file_path": "images/frame_8",
            "sharpness": 9.689142432962292,
            "transform_matrix": [
                [
                    0.4639555144965838,
                    0.1175731571937463,
                    0.8780215449121809,
                    3.9531820952451717
                ],
                [
                    0.8752423601705631,
                    0.09214677453663887,
                    -0.4748260554350971,
                    -1.8252412168806844
                ],
                [
                    -0.13673365179269134,
                    0.9887798160953154,
                    -0.060153003405612,
                    -0.25260954002129615
                ],
                [
                    0.0,
                    0.0,
                    0.0,
                    1.0
                ]
            ]
        },
        {
            "file_path": "images/frame_17",
            "sharpness": 8.959629629229084,
            "transform_matrix": [
                [
                    -0.49869505019778215,
                    -0.8264331856234234,
                    -0.2613645665786024,
                    -0.8189413557069624
                ],
                [
                    0.766705856100274,
                    -0.2799359714164285,
                    -0.5777525267302468,
                    -1.9404257692068954
                ],
                [
                    0.4043085173286452,
                    -0.48851206909256056,
                    0.7732338464107641,
                    2.5390407584674164
                ],
                [
                    0.0,
                    0.0,
                    0.0,
                    1.0
                ]
            ]
        },
        {
            "file_path": "images/frame_15",
            "sharpness": 5.793436652609726,
            "transform_matrix": [
                [
                    -0.2560743966144932,
                    -0.9308851634063122,
                    0.26053544097261405,
                    1.0058341357067426
                ],
                [
                    0.8063090813656572,
                    -0.3543560881934298,
                    -0.4736004941741705,
                    -1.4670518021705616
                ],
                [
                    0.5331899931074385,
                    0.08879513129184818,
                    0.8413226824338681,
                    3.121531250623969
                ],
                [
                    0.0,
                    0.0,
                    0.0,
                    1.0
                ]
            ]
        },
        {
            "file_path": "images/frame_16",
            "sharpness": 10.503989367201104,
            "transform_matrix": [
                [
                    -0.3917569782803692,
                    -0.920063325059559,
                    0.0031540296843031875,
                    0.0518619483840757
                ],
                [
                    0.7815399493356606,
                    -0.33457965931330896,
                    -0.5265470151664533,
                    -1.8887275244113804
                ],
                [
                    0.4855118717514711,
                    -0.20381346738448392,
                    0.8501401607793048,
                    2.933458997832778
                ],
                [
                    0.0,
                    0.0,
                    0.0,
                    1.0
                ]
            ]
        },
        {
            "file_path": "images/frame_9",
            "sharpness": 6.218591934489456,
            "transform_matrix": [
                [
                    0.4097265261230929,
                    -0.14294848924301304,
                    0.9009383459862893,
                    4.028862859070179
                ],
                [
                    0.9111872002395337,
                    0.01741460878658203,
                    -0.41162436460315194,
                    -1.7205053846857792
                ],
                [
                    0.043151592219454186,
                    0.989576910044158,
                    0.1373880608537312,
                    0.5824442148693587
                ],
                [
                    0.0,
                    0.0,
                    0.0,
                    1.0
                ]
            ]
        },
        {
            "file_path": "images/frame_1",
            "sharpness": 10.221519556690858,
            "transform_matrix": [
                [
                    -0.5672047859020456,
                    0.8085769289984005,
                    -0.15646750715594437,
                    -1.0405302120959115
                ],
                [
                    0.5646505530092185,
                    0.24349338842793294,
                    -0.7885941432655745,
                    -3.5826559977536263
                ],
                [
                    -0.5995402270915304,
                    -0.535643836638135,
                    -0.5946740253612717,
                    -3.0983929885399517
                ],
                [
                    0.0,
                    0.0,
                    0.0,
                    1.0
                ]
            ]
        },
        {
            "file_path": "images/frame_18",
            "sharpness": 8.035510584924985,
            "transform_matrix": [
                [
                    -0.5740494833485826,
                    -0.6719646827071513,
                    -0.46790026278660385,
                    -1.5664922886373753
                ],
                [
                    0.759808600502053,
                    -0.22413876737779015,
                    -0.6102890328163981,
                    -2.0914439255156587
                ],
                [
                    0.30521808813939183,
                    -0.705850747823992,
                    0.6392312887661352,
                    2.2869530951656376
                ],
                [
                    0.0,
                    0.0,
                    0.0,
                    1.0
                ]
            ]
        },
        {
            "file_path": "images/frame_2",
            "sharpness": 14.134555000895304,
            "transform_matrix": [
                [
                    -0.4532712003383562,
                    0.8903170790804238,
                    -0.043367242197246914,
                    -0.4322821692670095
                ],
                [
                    0.6005665840814741,
                    0.26908019352750656,
                    -0.752937997148774,
                    -3.3178782449309665
                ],
                [
                    -0.6586842924269717,
                    -0.36733002625541716,
                    -0.6566609892402158,
                    -2.9773184879661767
                ],
                [
                    0.0,
                    0.0,
                    0.0,
                    1.0
                ]
            ]
        },
        {
            "file_path": "images/frame_14",
            "sharpness": 10.07948277700083,
            "transform_matrix": [
                [
                    -0.08037228535257125,
                    -0.8857890416746604,
                    0.45707556207979344,
                    1.9479148913168365
                ],
                [
                    0.8355745057368041,
                    -0.3098939182811836,
                    -0.4536309125153714,
                    -1.4786602599420249
                ],
                [
                    0.5434662281544743,
                    0.3454613337237625,
                    0.7650496231135038,
                    3.2229460364324956
                ],
                [
                    0.0,
                    0.0,
                    0.0,
                    1.0
                ]
            ]
        },
        {
            "file_path": "images/frame_21",
            "sharpness": 14.802250306880973,
            "transform_matrix": [
                [
                    -0.7094411501825375,
                    -0.13672022489427685,
                    -0.691376044267377,
                    -3.2392042431325296
                ],
                [
                    0.7040642832567743,
                    -0.09376590876219082,
                    -0.7039186312427193,
                    -3.226530092260481
                ],
                [
                    0.031412410483636875,
                    -0.9861620224517672,
                    0.1627812213070536,
                    0.5987557585526041
                ],
                [
                    0.0,
                    0.0,
                    0.0,
                    1.0
                ]
            ]
        },
        {
            "file_path": "images/frame_22",
            "sharpness": 12.985819177184464,
            "transform_matrix": [
                [
                    -0.7116794791570357,
                    0.06920878558598026,
                    -0.699086878004982,
                    -3.2470841938306143
                ],
                [
                    0.6992364703021219,
                    -0.026086822244204166,
                    -0.7144143309866674,
                    -3.307712304296243
                ],
                [
                    -0.06768070337257935,
                    -0.9972610599896472,
                    -0.029827850879419946,
                    -0.0023790222272667316
                ],
                [
                    0.0,
                    0.0,
                    0.0,
                    1.0
                ]
            ]
        },
        {
            "file_path": "images/frame_19",
            "sharpness": 6.019346426475202,
            "transform_matrix": [
                [
                    -0.6425976166964275,
                    -0.501286445559163,
                    -0.5794654455349338,
                    -2.245273234521839
                ],
                [
                    0.7335719843537044,
                    -0.18415242436940255,
                    -0.6541865394401952,
                    -2.601710629871659
                ],
                [
                    0.2212248784550706,
                    -0.8454583278646178,
                    0.4860656016070975,
                    1.929260498155191
                ],
                [
                    0.0,
                    0.0,
                    0.0,
                    1.0
                ]
            ]
        },
        {
            "file_path": "images/frame_13",
            "sharpness": 9.624428518055726,
            "transform_matrix": [
                [
                    0.08495741909646666,
                    -0.7835755968081405,
                    0.615460413902878,
                    2.763244795187046
                ],
                [
                    0.8721064861739843,
                    -0.2402582427238954,
                    -0.42627016502564447,
                    -1.4779671206812044
                ],
                [
                    0.4818843364719007,
                    0.5729618320064286,
                    0.6629496401655555,
                    2.929542571453409
                ],
                [
                    0.0,
                    0.0,
                    0.0,
                    1.0
                ]
            ]
        },
        {
            "file_path": "images/frame_12",
            "sharpness": 14.19328015992208,
            "transform_matrix": [
                [
                    0.19032238962478684,
                    -0.6576345393834022,
                    0.7288993076356699,
                    3.404868978433374
                ],
                [
                    0.8982714374567562,
                    -0.18290364908489568,
